image: ./Map1.pgm
resolution: 0.025000
origin: [-6.959554, -6.062734, 0.000000]
negate: 0
occupied_thresh: 0.65
free_thresh: 0.196
initial_pose: [-0.046385, -0.008688, -5.672709]

